0.55,-0.00897466455706683
0.550900900900901,-0.05983207944167928
0.5518018018018017,-0.12430037322691297
0.5527027027027027,-0.15760379203612673
0.5536036036036036,-0.17310591500762024
0.5545045045045045,-0.18032065793571245
0.5554054054054053,-0.18380928591588527
0.5563063063063065,-0.1858282525426172
0.5572072072072073,-0.18756931076355393
0.5581081081081082,-0.18954983367126085
0.5590090090090091,-0.19186977718880982
0.55990990990991,-0.19450204801467852
0.5608108108108109,-0.1973683582826482
0.5617117117117117,-0.20037095635904895
0.5626126126126126,-0.2034196799189686
0.5635135135135135,-0.2064526711136872
0.5644144144144144,-0.20943511835558698
0.5653153153153152,-0.21234020133477982
0.5662162162162163,-0.21515239827282362
0.5671171171171171,-0.21786592722420048
0.5680180180180181,-0.22048387181635154
0.568918918918919,-0.22300786556000363
0.5698198198198199,-0.22544068302852638
0.5707207207207208,-0.22778526234171526
0.5716216216216217,-0.23004520450066973
0.5725225225225227,-0.2322239122891609
0.5734234234234237,-0.23432423785446696
0.5743243243243245,-0.2363484556224485
0.5752252252252253,-0.2382988539213769
0.576126126126126,-0.2401771958121044
0.5770270270270269,-0.24198583567740517
0.5779279279279282,-0.24372843964048757
0.5788288288288289,-0.24540535180287476
0.5797297297297299,-0.24701858659930365
0.5806306306306307,-0.24857054101282594
0.5815315315315315,-0.25006555995937935
0.5824324324324326,-0.2515030852149664
0.5833333333333334,-0.25288532077376
0.5842342342342343,-0.2542143644964922
0.585135135135135,-0.25549367330294515
0.5860360360360359,-0.25672416512858387
0.5869369369369369,-0.25790716356795124
0.5878378378378379,-0.25904441729010275
0.5887387387387388,-0.26013810589256137
0.5896396396396397,-0.261190312770964
0.5905405405405406,-0.26220210196452537
0.5914414414414415,-0.26317463589157614
0.5923423423423424,-0.26410944489821486
0.5932432432432433,-0.2650085174246439
0.5941441441441442,-0.26587292992274814
0.5950450450450451,-0.2667036450235034
0.5959459459459459,-0.2675014062915232
0.5968468468468467,-0.2682689817442915
0.5977477477477479,-0.26900727477681374
0.5986486486486488,-0.26971533838915596
0.5995495495495494,-0.2703945258514842
0.6004504504504506,-0.2710468176849863
0.6013513513513514,-0.2716752900684719
0.6022522522522525,-0.27227830534263564
0.6031531531531532,-0.2728543593052192
0.604054054054054,-0.27340666508021455
0.6049549549549549,-0.27393814633215974
0.6058558558558558,-0.27444933307961894
0.6067567567567568,-0.27493539939360634
0.6076576576576577,-0.2753998158284303
0.6085585585585586,-0.27584524956436346
0.6094594594594597,-0.2762734894753873
0.6103603603603605,-0.27668227459951705
0.6112612612612613,-0.27706859683053425
0.6121621621621621,-0.2774370165012858
0.6130630630630632,-0.2777902039924183
0.6139639639639641,-0.2781277224023253
0.6148648648648649,-0.2784476440447471
0.6157657657657658,-0.27874651313237186
0.6166666666666667,-0.27903139854715237
0.6175675675675676,-0.27930280789194006
0.6184684684684685,-0.2795587954719097
0.6193693693693694,-0.2797983602429957
0.6202702702702705,-0.2800243690256139
0.621171171171171,-0.2802352478568376
0.6220720720720722,-0.28043319606469397
0.6229729729729729,-0.2806162317880725
0.6238738738738738,-0.28078609263325927
0.6247747747747752,-0.2809460507792887
0.6256756756756757,-0.2810962058558698
0.6265765765765766,-0.28123334777663556
0.6274774774774775,-0.2813560219708108
0.6283783783783786,-0.2814713603825325
0.6292792792792793,-0.28158078294768896
0.6301801801801802,-0.2816826788395565
0.6310810810810812,-0.2817766362615246
0.631981981981982,-0.28186647984223023
0.6328828828828831,-0.281952376877892
0.6337837837837836,-0.28203643563245445
0.6346846846846848,-0.28211935323629556
0.6355855855855855,-0.2822062565722487
0.6364864864864865,-0.2823062971359547
0.6373873873873875,-0.2824286583152722
0.6382882882882883,-0.2825863446333048
0.6391891891891893,-0.2828043409254633
0.64009009009009,-0.28311953032246223
0.6409909909909909,-0.28359103847502953
0.6418918918918918,-0.28428915029517454
0.6427927927927928,-0.28529904145174245
0.6436936936936937,-0.28671310750046725
0.6445945945945947,-0.2886017754705531
0.6454954954954957,-0.2909691836820665
0.6463963963963966,-0.2937035244529358
0.6472972972972973,-0.29653107689808506
0.6481981981981982,-0.29900819151356106
0.649099099099099,-0.3006495375598905
0.65,-0.30137329840021543
0.6509009009009009,-0.3017266544410775
0.651801801801802,-0.301303666497886
0.6527027027027027,-0.29992064653415357
0.6536036036036036,-0.29779564432025113
0.6545045045045046,-0.29532045800480544
0.6554054054054054,-0.2928787464591408
0.6563063063063064,-0.29070882069052134
0.6572072072072073,-0.28892596779679447
0.658108108108108,-0.2875930865123187
0.6590090090090089,-0.2866896822388075
0.6599099099099099,-0.2861425946675269
0.6608108108108107,-0.28590389385602494
0.6617117117117117,-0.2859070402313111
0.6626126126126126,-0.2860863316932346
0.6635135135135137,-0.2863776996604489
0.6644144144144143,-0.2867579257466281
0.6653153153153154,-0.28719202534449123
0.6662162162162164,-0.28765367458508834
0.6671171171171171,-0.28812242598832205
0.6680180180180182,-0.2885980348676904
0.6689189189189191,-0.2890716313301769
0.6698198198198199,-0.28953628302974177
0.6707207207207208,-0.2899857677442782
0.6716216216216216,-0.29042451428319077
0.6725225225225226,-0.29085113345125674
0.6734234234234235,-0.29126269369984115
0.6743243243243245,-0.29165682285516115
0.6752252252252252,-0.29203486085093977
0.6761261261261262,-0.29239860454863376
0.6770270270270271,-0.2927465014063917
0.677927927927928,-0.2930760784534781
0.6788288288288287,-0.29338858158184605
0.6797297297297299,-0.2936866055328998
0.6806306306306306,-0.2939695808541712
0.6815315315315317,-0.29423516577950276
0.6824324324324326,-0.29448453011035075
0.6833333333333333,-0.2947204028087377
0.6842342342342344,-0.2949432345409682
0.6851351351351352,-0.29515121780229
0.686036036036036,-0.2953444809026719
0.6869369369369369,-0.29552579677602664
0.687837837837838,-0.29569630692449184
0.6887387387387386,-0.29585524272202857
0.6896396396396396,-0.2960009342553722
0.6905405405405406,-0.2961362180994306
0.6914414414414415,-0.29626260904821944
0.6923423423423423,-0.29637999319497826
0.6932432432432433,-0.29648695390660074
0.6941441441441442,-0.29658394311053154
0.6950450450450452,-0.2966734720327332
0.695945945945946,-0.2967558285988631
0.696846846846847,-0.2968302385560901
0.6977477477477478,-0.2968962413056046
0.698648648648649,-0.2969547359604596
0.6995495495495496,-0.2970073968365165
0.7004504504504506,-0.29705356406527117
0.7013513513513514,-0.29709288399240735
0.7022522522522523,-0.2971256014483831
0.7031531531531533,-0.2971525024340389
0.7040540540540542,-0.29717413273160964
0.7049549549549551,-0.29718973222622863
0.7058558558558559,-0.2971994757602299
0.7067567567567566,-0.29720348434051846
0.7076576576576578,-0.29720274249802153
0.7085585585585586,-0.29719657004854033
0.7094594594594597,-0.29718471124501306
0.7103603603603603,-0.2971680305494667
0.7112612612612614,-0.29714601789772627
0.7121621621621623,-0.29711905880780065
0.7130630630630631,-0.2970865405538583
0.713963963963964,-0.2970489359011791
0.7148648648648649,-0.29700698052494534
0.7157657657657658,-0.2969598429567369
0.7166666666666668,-0.29690711725297003
0.7175675675675677,-0.29684916866292954
0.7184684684684686,-0.29678679612392717
0.7193693693693695,-0.29672008024342816
0.7202702702702705,-0.29664841688683097
0.7211711711711711,-0.296571328304543
0.7220720720720721,-0.2964900189166996
0.7229729729729732,-0.29640512643028993
0.7238738738738739,-0.2963164293105024
0.7247747747747748,-0.29622389509946945
0.7256756756756757,-0.2961284556811532
0.7265765765765764,-0.29603124978124074
0.7274774774774776,-0.29593243129119107
0.7283783783783784,-0.29583268538215507
0.7292792792792793,-0.2957332629092942
0.7301801801801803,-0.29563610411257013
0.7310810810810813,-0.29554280541770833
0.7319819819819818,-0.2954548327301501
0.7328828828828828,-0.29537386765943474
0.733783783783784,-0.2953036792139
0.7346846846846848,-0.29524962087372425
0.7355855855855855,-0.2952178133219172
0.7364864864864866,-0.2952172282705061
0.7373873873873874,-0.2952612383762026
0.7382882882882883,-0.29536803470024364
0.7391891891891892,-0.29556044111713914
0.7400900900900902,-0.2958646438610395
0.7409909909909913,-0.2963105230513875
0.7418918918918921,-0.29693192022286463
0.7427927927927929,-0.29775376637311224
0.7436936936936938,-0.298785574235485
0.7445945945945946,-0.3000124131581402
0.7454954954954957,-0.3013872140600334
0.7463963963963963,-0.3028264914416925
0.7472972972972977,-0.30421429155649615
0.7481981981981983,-0.30541769323441964
0.749099099099099,-0.30631037725423216
0.75,-0.3067974858140209
0.750900900900901,-0.3068361568230208
0.751801801801802,-0.30639413831783086
0.7527027027027029,-0.3055185395026555
0.7536036036036038,-0.3043227489477964
0.7545045045045045,-0.30291394068926936
0.7554054054054056,-0.3014229706890935
0.7563063063063062,-0.29997242157800075
0.7572072072072071,-0.29864697671563656
0.7581081081081084,-0.29751558271857337
0.7590090090090093,-0.29660902231606273
0.75990990990991,-0.29592035335967337
0.7608108108108109,-0.29543947415150223
0.7617117117117117,-0.29514577483558013
0.7626126126126128,-0.29500729078224414
0.7635135135135136,-0.2949849105091965
0.7644144144144144,-0.2950582755130278
0.7653153153153154,-0.2952032133327406
0.7662162162162163,-0.29539876098950213
0.7671171171171173,-0.29562580043120845
0.7680180180180181,-0.29587608763115664
0.7689189189189192,-0.2961402609664198
0.7698198198198197,-0.2964110933313876
0.7707207207207208,-0.2966828961872872
0.7716216216216218,-0.29695277435712736
0.7725225225225225,-0.29721795705164866
0.7734234234234234,-0.29747616250877373
0.7743243243243243,-0.29772580477951704
0.7752252252252254,-0.2979658101623418
0.7761261261261263,-0.2981950923290603
0.777027027027027,-0.2984128715024354
0.7779279279279282,-0.29861888549620424
0.778828828828829,-0.2988129629952811
0.7797297297297296,-0.2989946225248916
0.7806306306306308,-0.29916385788444766
0.7815315315315315,-0.2993210423725059
0.7824324324324323,-0.29946635805067856
0.7833333333333334,-0.2995998385315363
0.7842342342342344,-0.2997218303837825
0.7851351351351353,-0.2998328485455692
0.7860360360360362,-0.29993335484370054
0.7869369369369369,-0.3000235825867425
0.7878378378378382,-0.3001039924622956
0.7887387387387391,-0.3001750469396586
0.7896396396396398,-0.3002372727121104
0.7905405405405407,-0.3002909776315371
0.7914414414414414,-0.3003366027420147
0.7923423423423424,-0.30037455128488166
0.7932432432432429,-0.30040521608117077
0.7941441441441441,-0.3004289092793131
0.795045045045045,-0.30044602063295955
0.795945945945946,-0.30045686849466674
0.796846846846847,-0.30046176726410206
0.797747747747748,-0.30046096511457376
0.7986486486486489,-0.3004546522692786
0.7995495495495496,-0.3004431539631929
0.8004504504504506,-0.3004266825522456
0.8013513513513516,-0.30040545036104366
0.8022522522522524,-0.30037957206365273
0.8031531531531533,-0.30034915442495524
0.8040540540540541,-0.300314433193212
0.804954954954955,-0.3002755316062158
0.8058558558558561,-0.3002325356442118
0.806756756756757,-0.30018544838150585
0.8076576576576576,-0.30013440091244015
0.8085585585585586,-0.30007948463349954
0.8094594594594595,-0.3000207308827019
0.8103603603603603,-0.29995817839898153
0.8112612612612613,-0.29989180565674367
0.8121621621621622,-0.29982168428607225
0.813063063063063,-0.29974782969494407
0.8139639639639641,-0.29967025432595634
0.8148648648648646,-0.2995889737044301
0.8157657657657658,-0.2995040218537029
0.8166666666666669,-0.2994154522792578
0.8175675675675677,-0.29932329194217744
0.8184684684684685,-0.2992276175099563
0.8193693693693693,-0.2991285223079475
0.8202702702702704,-0.29902615082629547
0.8211711711711711,-0.29892074274668473
0.8220720720720723,-0.29881254652115846
0.8229729729729732,-0.2987018328648065
0.8238738738738739,-0.29858902066259646
0.8247747747747751,-0.29847461834971506
0.825675675675676,-0.29835928966223024
0.8265765765765768,-0.2982438138655268
0.8274774774774774,-0.2981291378254865
0.8283783783783786,-0.2980163645677147
0.8292792792792791,-0.29790691256713525
0.8301801801801804,-0.2978025045228392
0.8310810810810811,-0.2977052674566094
0.8319819819819819,-0.2976178599461428
0.8328828828828831,-0.2975434138057268
0.8337837837837836,-0.2974857277007463
0.8346846846846847,-0.29745062758943974
0.8355855855855858,-0.2974452024305374
0.8364864864864864,-0.2974784490922012
0.8373873873873875,-0.2975616264878712
0.8382882882882885,-0.29770818421404266
0.8391891891891893,-0.29793344124806137
0.8400900900900903,-0.29825343045529384
0.840990990990991,-0.29868026927206137
0.8418918918918921,-0.299227540117383
0.842792792792793,-0.2998991613081331
0.8436936936936936,-0.3006878420414077
0.8445945945945945,-0.3015716215170927
0.8454954954954954,-0.30251194573155743
0.8463963963963965,-0.30345426854103164
0.8472972972972974,-0.30433190700352253
0.8481981981981984,-0.3050732622795948
0.8490990990990991,-0.3056110573715647
0.85,-0.30589146588179905
0.8509009009009011,-0.3058962472048858
0.8518018018018019,-0.3056029096616006
0.8527027027027029,-0.3050367390520034
0.8536036036036038,-0.30425671178955976
0.8545045045045045,-0.30332115374434215
0.8554054054054054,-0.30229998694933746
0.8563063063063062,-0.3012668206455043
0.8572072072072072,-0.3002794691374964
0.8581081081081081,-0.2993867418142674
0.859009009009009,-0.29862141643133894
0.8599099099099099,-0.29799432534130815
0.8608108108108108,-0.29750799287128377
0.8617117117117116,-0.2971596550372734
0.8626126126126127,-0.29693518373439504
0.8635135135135136,-0.29681269369894214
0.8644144144144147,-0.29677819395448585
0.8653153153153155,-0.29681566604429277
0.8662162162162164,-0.2969089210735213
0.8671171171171173,-0.29704240866678366
0.8680180180180181,-0.2972070189636377
0.868918918918919,-0.2973937550786414
0.8698198198198199,-0.2975948884322106
0.8707207207207207,-0.29780426444733404
0.8716216216216219,-0.2980176644345765
0.8725225225225227,-0.2982315207240258
0.8734234234234235,-0.29844283752656575
0.8743243243243245,-0.298649523972228
0.8752252252252255,-0.29885000704084197
0.8761261261261264,-0.2990427143766947
0.8770270270270271,-0.2992265483593731
0.8779279279279281,-0.2994010213261441
0.8788288288288286,-0.29956580682192735
0.8797297297297295,-0.29972014825276283
0.8806306306306306,-0.29986388211367404
0.8815315315315313,-0.2999972213537478
0.8824324324324326,-0.30012036055573316
0.8833333333333334,-0.30023307988217346
0.8842342342342342,-0.30033562025620764
0.8851351351351352,-0.3004283768589059
0.8860360360360361,-0.3005119101124598
0.886936936936937,-0.30058620421950655
0.8878378378378381,-0.3006516372136473
0.8887387387387385,-0.30070861043088154
0.8896396396396399,-0.3007577121346036
0.8905405405405405,-0.3007991348850969
0.8914414414414417,-0.300833201757961
0.8923423423423423,-0.3008602823490214
0.8932432432432432,-0.30088075470816866
0.8941441441441442,-0.30089503552789104
0.8950450450450451,-0.3009033131648843
0.895945945945946,-0.3009058800479994
0.8968468468468468,-0.30090303207861047
0.8977477477477478,-0.3008950236416195
0.8986486486486487,-0.30088214443998
0.8995495495495494,-0.30086454212137975
0.9004504504504502,-0.3008424274085628
0.9013513513513514,-0.3008159751915787
0.9022522522522521,-0.3007853598903639
0.9031531531531533,-0.30075074364494137
0.904054054054054,-0.30071221945818233
0.9049549549549549,-0.30066990379644404
0.9058558558558559,-0.30062388501835785
0.9067567567567567,-0.3005742776059739
0.9076576576576576,-0.300521136929312
0.9085585585585586,-0.30046450729206825
0.9094594594594595,-0.30040442520482324
0.9103603603603605,-0.3003409317712092
0.9112612612612611,-0.3002741024456479
0.9121621621621625,-0.3002039535464094
0.9130630630630633,-0.3001304748953587
0.9139639639639641,-0.3000536911938926
0.9148648648648651,-0.29997362754541496
0.915765765765766,-0.29989036110663825
0.9166666666666666,-0.29980399684948383
0.9175675675675675,-0.29971452067515997
0.9184684684684686,-0.29962202366483454
0.9193693693693694,-0.29952663681703406
0.9202702702702702,-0.2994285284832465
0.9211711711711711,-0.2993279999840218
0.9220720720720722,-0.2992253373082071
0.922972972972973,-0.2991208328670397
0.9238738738738741,-0.29901494808871193
0.9247747747747749,-0.29890826484204763
0.925675675675676,-0.29880150696033864
0.9265765765765765,-0.29869555175006907
0.9274774774774776,-0.29859150765962483
0.9283783783783782,-0.2984905823908938
0.9292792792792796,-0.29839438620216335
0.9301801801801803,-0.29830485554541597
0.9310810810810811,-0.29822440846314935
0.931981981981982,-0.29815598065844995
0.932882882882883,-0.29810317438844974
0.933783783783784,-0.2980698743592912
0.9346846846846849,-0.2980618174190506
0.9355855855855857,-0.29808548547669056
0.9364864864864867,-0.29814851648561824
0.9373873873873875,-0.2982595912232799
0.9382882882882885,-0.2984280969143652
0.9391891891891894,-0.298663533678456
0.94009009009009,-0.29897447324624465
0.940990990990991,-0.2993660223591003
0.9418918918918919,-0.29984142795491386
0.9427927927927929,-0.3003982414940043
0.9436936936936936,-0.30102595049666714
0.9445945945945945,-0.3017050955140838
0.9454954954954954,-0.3024067957646464
0.9463963963963966,-0.3030935108856882
0.9472972972972976,-0.3037215827702321
0.9481981981981983,-0.3042452629742666
0.9490990990990992,-0.30462199454767186
0.9500000000000001,-0.30481830574060936
0.9509009009009011,-0.3048186102006995
0.9518018018018021,-0.30461080937885077
0.9527027027027031,-0.3042080875840063
0.9536036036036039,-0.3036455387066836
0.9545045045045046,-0.30296079028731937
0.9554054054054055,-0.3021986426990807
0.9563063063063064,-0.30140883419323383
0.9572072072072074,-0.30063400646855853
0.9581081081081084,-0.29991043530135236
0.9590090090090092,-0.2992663324503497
0.9599099099099101,-0.29871659058809646
0.9608108108108109,-0.29826783106613164
0.9617117117117118,-0.29792376057676506
0.9626126126126128,-0.2976788671670211
0.9635135135135137,-0.2975210214894426
0.9644144144144146,-0.2974406655853667
0.9653153153153153,-0.29742716556595766
0.9662162162162163,-0.2974683090934285
0.967117117117117,-0.29755168661426434
0.968018018018018,-0.29766872503896397
0.968918918918919,-0.29781129004360185
0.96981981981982,-0.2979719804245164
0.9707207207207208,-0.29814461013154503
0.971621621621622,-0.2983245795479095
0.9725225225225226,-0.2985080132705175
0.9734234234234234,-0.29869163612737104
0.9743243243243246,-0.29887302706028374
0.9752252252252254,-0.29905032825368394
0.9761261261261266,-0.2992218185705741
0.9770270270270273,-0.299386244083413
0.9779279279279284,-0.2995428961685095
0.9788288288288289,-0.2996913086199759
0.9797297297297298,-0.29983071755951624
0.9806306306306306,-0.29996085661584426
0.9815315315315315,-0.30008175277214066
0.9824324324324325,-0.30019356974261446
0.9833333333333333,-0.30029606321061036
0.9842342342342341,-0.3003893996159819
0.9851351351351351,-0.3004738377561134
0.9860360360360361,-0.3005499075546937
0.9869369369369368,-0.30061757239465553
0.9878378378378377,-0.30067714975587223
0.9887387387387387,-0.3007289854019369
0.98963963963964,-0.3007735541320836
0.9905405405405407,-0.3008111021723855
0.9914414414414416,-0.3008418810445527
0.9923423423423426,-0.30086623057740636
0.9932432432432433,-0.30088446571123634
0.9941441441441442,-0.3008970108192975
0.9950450450450452,-0.3009040100295239
0.9959459459459461,-0.3009057390793256
0.996846846846847,-0.3009024607500529
0.9977477477477479,-0.3008944123503605
0.9986486486486489,-0.3008818776318861
0.9995495495495497,-0.3008649767522541
1.0004504504504503,-0.3008439077753713
1.0013513513513514,-0.3008188261115458
1.0022522522522523,-0.3007899053021509
1.0031531531531532,-0.3007572990724589
1.0040540540540541,-0.30072108918995083
1.0049549549549555,-0.3006813747634711
1.005855855855856,-0.3006382493941706
1.0067567567567568,-0.300591815808046
1.0076576576576577,-0.3005421411137099
1.0085585585585588,-0.3004892526141446
1.0094594594594597,-0.3004331916699257
1.0103603603603608,-0.3003739991783813
1.011261261261261,-0.30031174200839017
1.0121621621621621,-0.3002464584176486
1.0130630630630633,-0.3001781332114458
1.013963963963964,-0.30010679895722503
1.014864864864865,-0.30003248861051035
1.0157657657657662,-0.2999552668984399
1.0166666666666668,-0.2998752704092015
1.017567567567568,-0.2997924910916918
1.0184684684684684,-0.2997070347926661
1.0193693693693695,-0.2996190448245177
1.0202702702702702,-0.29952870533807463
1.0211711711711713,-0.29943630836875745
1.022072072072072,-0.29934217689994513
1.0229729729729728,-0.29924663036367066
1.0238738738738737,-0.29915014503012577
1.0247747747747746,-0.2990533383863575
1.0256756756756757,-0.2989569517995907
1.0265765765765764,-0.29886191631730424
1.0274774774774773,-0.29876937173815576
1.0283783783783784,-0.298680628081607
1.0292792792792798,-0.2985973529913744
1.03018018018018,-0.29852158665434125
1.0310810810810813,-0.29845581327138804
1.031981981981982,-0.29840302658356915
1.0328828828828829,-0.2983668545827511
1.0337837837837838,-0.2983510929579871
1.0346846846846844,-0.29836097873992046
1.0355855855855856,-0.29840220228594305
1.0364864864864864,-0.2984810936138706
1.0373873873873873,-0.2986042898388171
1.0382882882882885,-0.29877836610514924
1.039189189189189,-0.29900911717863177
1.0400900900900902,-0.2993007653875194
1.040990990990991,-0.2996545049586174
1.041891891891892,-0.30006873171322296
1.042792792792793,-0.3005385739655203
1.0436936936936936,-0.3010537965298487
1.044594594594595,-0.3015990025030127
1.0454954954954954,-0.30215342383442007
1.0463963963963965,-0.3026909766705643
1.0472972972972974,-0.303181239300934
1.0481981981981985,-0.30359134251233777
1.0490990990990992,-0.3038894841498873
1.0500000000000003,-0.30404910191166074
1.0509009009009012,-0.30405591073841537
1.0518018018018018,-0.3038995771361148
1.052702702702703,-0.3035884937249445
1.0536036036036036,-0.30314693284395555
1.0545045045045043,-0.30260366716764353
1.0554054054054054,-0.30199235184082723
1.0563063063063063,-0.30135054476177336
1.0572072072072072,-0.30071087759159054
1.058108108108108,-0.30010245454144685
1.0590090090090092,-0.2995484829426839
1.0599099099099099,-0.2990638616827645
1.0608108108108105,-0.29865645446495076
1.0617117117117119,-0.2983320936723603
1.062612612612613,-0.2980894143917377
1.0635135135135136,-0.2979217813781778
1.0644144144144145,-0.29782241951757643
1.0653153153153156,-0.29778390146873057
1.066216216216216,-0.29779677664742965
1.0671171171171172,-0.2978510925361387
1.0680180180180179,-0.297939019988337
1.0689189189189188,-0.29805329645355383
1.0698198198198199,-0.2981870833774771
1.0707207207207212,-0.29833447539287916
1.0716216216216217,-0.2984908547922051
1.0725225225225228,-0.2986523125814136
1.0734234234234237,-0.2988155505446105
1.0743243243243246,-0.29897800807222574
1.075225225225226,-0.29913771619078094
1.0761261261261261,-0.29929292411426855
1.0770270270270268,-0.299442334455313
1.0779279279279275,-0.29958510286208484
1.0788288288288288,-0.29972067063336505
1.0797297297297297,-0.29984832369227304
1.0806306306306306,-0.29996774240606383
1.0815315315315317,-0.30007883665030527
1.0824324324324321,-0.3001817084850104
1.0833333333333335,-0.30027615145278846
1.0842342342342344,-0.30036228207099774
1.0851351351351353,-0.30044027500661985
1.0860360360360362,-0.3005105775140716
1.086936936936937,-0.30057318744810346
1.0878378378378384,-0.3006283825375693
1.0887387387387388,-0.3006764575592581
1.0896396396396395,-0.30071779711873725
1.0905405405405406,-0.30075266715778765
1.0914414414414413,-0.30078129416541804
1.0923423423423424,-0.3008039834898396
1.0932432432432433,-0.30082101594269256
1.094144144144144,-0.3008327561278347
1.095045045045045,-0.30083936866448385
1.0959459459459462,-0.3008411071695385
1.0968468468468469,-0.3008382009668298
1.0977477477477477,-0.30083087752582893
1.0986486486486489,-0.3008193803611153
1.0995495495495493,-0.30080384288521955
1.100450450450451,-0.3007844379481524
1.1013513513513513,-0.30076131723539273
1.1022522522522522,-0.3007346332347035
1.1031531531531535,-0.3007045286046867
1.1040540540540542,-0.30067108664352693
1.1049549549549549,-0.3006343967624769
1.1058558558558558,-0.3005945519111022
1.106756756756757,-0.30055163261767026
1.1076576576576576,-0.30050571759268735
1.1085585585585584,-0.30045682673055335
1.1094594594594596,-0.300405008544301
1.11036036036036,-0.30035029714906397
1.1112612612612611,-0.3002927484635676
1.1121621621621627,-0.3002324089679824
1.1130630630630631,-0.3001692732643056
1.1139639639639638,-0.30010337541461757
1.1148648648648651,-0.3000347536247853
1.1157657657657658,-0.29996346140073626
1.1166666666666667,-0.29988963721202133
1.1175675675675676,-0.2998132918973249
1.1184684684684683,-0.2997345389692929
1.1193693693693698,-0.2996535230515286
1.1202702702702705,-0.29957043774435776
1.1211711711711712,-0.29948554979867237
1.122072072072072,-0.29939920126946706
1.1229729729729732,-0.29931171980172266
1.1238738738738743,-0.2992235917547698
1.1247747747747747,-0.2991354293422242
1.1256756756756756,-0.2990479789562557
1.1265765765765767,-0.29896217169312855
1.1274774774774772,-0.29887914055425807
1.1283783783783785,-0.2988002311188709
1.1292792792792787,-0.2987270983801422
1.1301801801801803,-0.2986617915851536
1.131081081081081,-0.2986067380395863
1.1319819819819819,-0.29856487373045226
1.1328828828828832,-0.2985396293302824
1.133783783783784,-0.2985347197985965
1.1346846846846848,-0.29855472385023596
1.1355855855855856,-0.29860465574453676
1.1364864864864863,-0.29868979038345433
1.1373873873873876,-0.29881538170594324
1.1382882882882885,-0.2989862614437984
1.1391891891891892,-0.29920614018616626
1.1400900900900899,-0.29947688305372744
1.1409909909909912,-0.29979744995228397
1.1418918918918923,-0.300163470037806
1.1427927927927928,-0.30056825733219783
1.143693693693694,-0.3010017239544355
1.1445945945945948,-0.30145190465142296
1.1454954954954957,-0.30190537012739554
1.1463963963963966,-0.30234640190918327
1.1472972972972972,-0.30275503808050674
1.1481981981981983,-0.30310588462374427
1.1490990990990992,-0.3033700712372155
1.1499999999999997,-0.3035199784913197
1.1509009009009006,-0.3035384962079825
1.151801801801802,-0.30341368427262316
1.1527027027027028,-0.3031532312865376
1.1536036036036037,-0.3027787739144724
1.1545045045045046,-0.30231730953484603
1.1554054054054057,-0.30179781338509404
1.1563063063063064,-0.3012501585148703
1.1572072072072073,-0.3007004668028083
1.1581081081081082,-0.3001718850795752
1.159009009009009,-0.2996838099821449
1.1599099099099102,-0.2992501770340766
1.1608108108108113,-0.29887927307178985
1.161711711711712,-0.29857740370581265
1.1626126126126128,-0.2983452064144556
1.1635135135135137,-0.2981790764811331
1.1644144144144146,-0.29807395825950245
1.1653153153153155,-0.29802418119818436
1.1662162162162164,-0.2980221026946264
1.167117117117117,-0.29805954935297263
1.1680180180180182,-0.2981293718465101
1.168918918918919,-0.2982250341434315
1.1698198198198202,-0.29834025921602436
1.1707207207207204,-0.2984695587882207
1.171621621621622,-0.29860844288767086
1.1725225225225224,-0.2987531293603324
1.1734234234234235,-0.2989004160905343
1.1743243243243247,-0.2990477494980049
1.1752252252252258,-0.29919314542794667
1.1761261261261258,-0.2993349014952167
1.177027027027027,-0.29947174214886985
1.1779279279279282,-0.2996027578679543
1.1788288288288291,-0.29972733870407
1.17972972972973,-0.29984483946064516
1.1806306306306307,-0.2999549242622662
1.1815315315315313,-0.30005743622389713
1.1824324324324322,-0.30015240747298183
1.1833333333333333,-0.30023969364484415
1.1842342342342342,-0.3003193760234049
1.1851351351351354,-0.30039159702529283
1.186036036036036,-0.3004566696564682
1.1869369369369374,-0.30051467930308057
1.1878378378378378,-0.30056586074323566
1.1887387387387391,-0.3006104714401335
1.18963963963964,-0.30064882864984355
1.1905405405405407,-0.3006811909945407
1.191441441441441,-0.30070778519206753
1.1923423423423423,-0.30072887934148324
1.1932432432432434,-0.30074473690762604
1.1941441441441445,-0.30075565321610787
1.1950450450450447,-0.3007618219199669
1.1959459459459458,-0.30076346960504063
1.196846846846847,-0.3007608078713743
1.1977477477477478,-0.3007540454970248
1.1986486486486487,-0.3007433881658878
1.1995495495495496,-0.30072898477922705
1.2004504504504505,-0.30071098631347226
1.2013513513513512,-0.30068954324547775
1.202252252252252,-0.3006647819347914
1.2031531531531534,-0.3006368378912208
1.2040540540540539,-0.3006057906240778
1.2049549549549547,-0.30057173221463235
1.205855855855856,-0.3005347423030843
1.2067567567567568,-0.3004948924996776
1.2076576576576576,-0.3004522537540699
1.2085585585585585,-0.30040685457886046
1.2094594594594599,-0.3003587422264377
1.2103603603603603,-0.3003079477603417
1.2112612612612612,-0.30025451632922584
1.2121621621621623,-0.300198490711442
1.213063063063063,-0.30013988170475325
1.2139639639639639,-0.3000787204097887
1.214864864864865,-0.300015049674522
1.2157657657657654,-0.29994891898763365
1.2166666666666668,-0.2998804370465213
1.2175675675675677,-0.2998096509822983
1.2184684684684686,-0.29973667080005895
1.2193693693693692,-0.29966163903155363
1.2202702702702701,-0.2995847481310912
1.2211711711711715,-0.2995062417123006
1.2220720720720721,-0.2994264572294391
1.222972972972973,-0.29934572479447163
1.2238738738738737,-0.29926452940743886
1.2247747747747753,-0.29918345566124427
1.2256756756756757,-0.2991032444988695
1.2265765765765768,-0.29902478559353596
1.227477477477478,-0.29894919377964063
1.2283783783783784,-0.2988777833856716
1.2292792792792793,-0.29881217473393495
1.2301801801801804,-0.2987543435399233
1.2310810810810808,-0.29870662236408513
1.2319819819819824,-0.2986718082295372
1.2328828828828826,-0.2986531077663095
1.2337837837837837,-0.29865407155242085
1.234684684684685,-0.2986787495840787
1.2355855855855857,-0.298731600380041
1.2364864864864866,-0.2988170947478064
1.2373873873873873,-0.2989395588180605
1.2382882882882882,-0.29910272368974633
1.2391891891891895,-0.29930922771973684
1.2400900900900902,-0.2995599491790286
1.240990990990991,-0.2998531236675848
1.241891891891892,-0.3001832046795397
1.242792792792793,-0.3005415700536938
1.2436936936936938,-0.3009159055404488
1.2445945945945946,-0.3012936484563934
1.2454954954954958,-0.3016664534234496
1.2463963963963964,-0.3020320807007217
1.2472972972972975,-0.3023875190807086
1.248198198198198,-0.30271526665544024
1.2490990990990993,-0.3029795769540787
1.2499999999999998,-0.3031429824674297
1.250900900900901,-0.3031778186229596
1.2518018018018018,-0.30306584416559373
1.2527027027027031,-0.30282300296927794
1.2536036036036036,-0.3024802896323249
1.2545045045045047,-0.30206736788201854
1.2554054054054054,-0.30160803090776545
1.2563063063063062,-0.30112423839480296
1.2572072072072071,-0.30063640104219
1.258108108108108,-0.3001638293984769
1.2590090090090091,-0.299723638186586
1.2599099099099098,-0.29932899135013474
1.2608108108108107,-0.29898835046943906
1.2617117117117118,-0.2987077428694743
1.2626126126126127,-0.2984886485810112
1.2635135135135136,-0.2983290236102098
1.2644144144144145,-0.29822487445569723
1.2653153153153156,-0.2981713795152874
1.2662162162162167,-0.29816206797089206
1.2671171171171174,-0.2981899742368838
1.2680180180180185,-0.29824853364537585
1.268918918918919,-0.29833175593078964
1.2698198198198198,-0.29843387327337384
1.270720720720721,-0.2985498262906194
1.271621621621622,-0.2986753166556919
1.2725225225225225,-0.2988067794149333
1.2734234234234236,-0.2989411617505721
1.2743243243243243,-0.29907600727621664
1.2752252252252252,-0.29920936000134957
1.2761261261261263,-0.2993396334531495
1.2770270270270272,-0.2994656053292338
1.277927927927928,-0.2995863515274209
1.2788288288288292,-0.2997012293838496
1.2797297297297299,-0.299809682763896
1.2806306306306305,-0.29991138669297757
1.2815315315315312,-0.30000614360214345
1.2824324324324328,-0.30009391208967073
1.2833333333333332,-0.3001746252875899
1.2842342342342343,-0.3002483464888668
1.2851351351351352,-0.3003151953395214
1.286036036036036,-0.30037537125540315
1.2869369369369372,-0.3004290301748647
1.287837837837838,-0.3004763787605433
1.2887387387387388,-0.3005176553181581
1.2896396396396395,-0.3005531089484059
1.2905405405405403,-0.3005829873753542
1.2914414414414417,-0.3006075230013189
1.2923423423423426,-0.30062696230596253
1.2932432432432435,-0.30064154600172777
1.2941441441441441,-0.30065150502914023
1.295045045045045,-0.30065705856271074
1.2959459459459464,-0.30065841238060076
1.2968468468468473,-0.30065576964191204
1.297747747747748,-0.30064931243578064
1.2986486486486486,-0.300639208372641
1.2995495495495495,-0.3006256199659997
1.3004504504504508,-0.3006086944311523
1.3013513513513515,-0.30058856499984965
1.3022522522522524,-0.3005653470620849
1.303153153153153,-0.3005391447516813
1.304054054054054,-0.3005100561607652
1.304954954954955,-0.3004781693167728
1.3058558558558562,-0.3004435524627547
1.306756756756757,-0.30040626867670983
1.3076576576576582,-0.3003663665502094
1.308558558558559,-0.3003239003414594
1.309459459459459,-0.30027890501364807
1.3103603603603604,-0.30023141812225673
1.3112612612612615,-0.3001814636346721
1.3121621621621622,-0.30012907840784675
1.3130630630630629,-0.3000742870058501
1.3139639639639642,-0.3000171241158622
1.314864864864865,-0.29995762743009835
1.3157657657657658,-0.2998958480289246
1.3166666666666664,-0.29983185110992905
1.3175675675675678,-0.29976572028855264
1.3184684684684684,-0.2996975577628406
1.3193693693693693,-0.2996275022910678
1.3202702702702704,-0.2995557350890535
1.321171171171171,-0.29948248008750467
1.3220720720720722,-0.2994080474292855
1.3229729729729731,-0.2993327738303931
1.3238738738738738,-0.299257124231862
1.324774774774775,-0.29918165058867957
1.3256756756756758,-0.2991070667774127
1.326576576576577,-0.29903421392621954
1.3274774774774778,-0.29896414745910177
1.3283783783783787,-0.2988981341952081
1.3292792792792791,-0.29883773587225476
1.33018018018018,-0.29878480355558723
1.3310810810810811,-0.2987415661690424
1.3319819819819823,-0.29871062855977504
1.3328828828828825,-0.29869499959565743
1.3337837837837845,-0.29869801110231203
1.334684684684685,-0.2987233468305993
1.3355855855855858,-0.29877500651488775
1.3364864864864865,-0.2988569166721268
1.3373873873873878,-0.29897279231901414
1.3382882882882883,-0.29912565235611954
1.3391891891891894,-0.2993174749644207
1.3400900900900903,-0.299548616525294
1.3409909909909912,-0.2998173637504785
1.341891891891892,-0.3001191247701815
1.3427927927927927,-0.3004457383731722
1.3436936936936936,-0.300783244333688
1.3445945945945945,-0.30111150952503335
1.3454954954954952,-0.30141103701547667
1.3463963963963963,-0.30168358319211824
1.3472972972972972,-0.3019742691826892
1.348198198198198,-0.3023321058000294
1.3490990990990994,-0.30264705361708033
1.3499999999999999,-0.3028071253901369
1.3509009009009012,-0.30290950673446737
1.3518018018018019,-0.30274047667890985
1.3527027027027025,-0.3024755298325316
1.3536036036036037,-0.30215139456091195
1.3545045045045045,-0.30177554855076205
1.355405405405405,-0.3013581546740813
1.3563063063063066,-0.30091611126333323
1.3572072072072074,-0.3004681571043848
1.3581081081081083,-0.30003270128741943
1.359009009009009,-0.2996256285666891
1.3599099099099101,-0.2992592733813802
1.3608108108108108,-0.2989418982443137
1.3617117117117121,-0.2986789620600362
1.362612612612613,-0.29847216618540306
1.3635135135135141,-0.29832014752663755
1.3644144144144146,-0.2982195122683587
1.3653153153153155,-0.2981657954711538
1.3662162162162164,-0.29815326809545467
1.3671171171171173,-0.2981756743862843
1.3680180180180184,-0.29822693681143836
1.368918918918919,-0.298301483465478
1.3698198198198197,-0.29839400173402136
1.3707207207207206,-0.2984997553362204
1.3716216216216217,-0.29861466294778466
1.372522522522523,-0.2987354484184087
1.3734234234234237,-0.2988592283929049
1.3743243243243246,-0.2989836634381211
1.3752252252252248,-0.29910679913599036
1.3761261261261262,-0.2992272787694796
1.377027027027027,-0.2993439219966234
1.3779279279279277,-0.2994558284581413
1.3788288288288288,-0.2995622591331591
1.3797297297297297,-0.2996628439406468
1.3806306306306309,-0.29975725668752684
1.3815315315315315,-0.29984528882825995
1.3824324324324329,-0.29992675265492375
1.3833333333333333,-0.30000173197755015
1.3842342342342344,-0.30007028418460113
1.385135135135135,-0.3001324993388652
1.3860360360360362,-0.30018845394102545
1.3869369369369369,-0.30023836654356734
1.3878378378378378,-0.3002824661728163
1.3887387387387387,-0.3003209550509594
1.3896396396396398,-0.3003540279785707
1.3905405405405407,-0.30038187209704326
1.3914414414414416,-0.3004047883245051
1.3923423423423422,-0.30042299673105166
1.3932432432432433,-0.3004367214944913
1.3941441441441447,-0.30044609639491654
1.3950450450450451,-0.3004513800096098
1.395945945945946,-0.30045279045020756
1.3968468468468471,-0.3004505118270275
1.3977477477477478,-0.30044471763080277
1.3986486486486487,-0.3004354691125364
1.3995495495495502,-0.30042301165948854
1.4004504504504502,-0.3004074800723209
1.4013513513513518,-0.3003890060112759
1.4022522522522525,-0.3003676800717341
1.4031531531531531,-0.3003435361040173
1.404054054054054,-0.30031674462078267
1.4049549549549554,-0.3002873916500907
1.4058558558558556,-0.3002555406471869
1.4067567567567567,-0.3002212271636225
1.4076576576576574,-0.30018445531751803
1.4085585585585587,-0.30014534419270616
1.4094594594594596,-0.3001039313753773
1.4103603603603605,-0.3000602513038973
1.4112612612612612,-0.3000143162598951
1.412162162162162,-0.299966093844711
1.4130630630630632,-0.29991569632509907
1.4139639639639638,-0.2998631533786157
1.414864864864865,-0.29980851002073067
1.415765765765766,-0.2997518130021055
1.416666666666667,-0.2996930432911812
1.4175675675675676,-0.2996323522843952
1.418468468468469,-0.2995698557596437
1.4193693693693692,-0.29950569237722013
1.4202702702702705,-0.29944003094364713
1.4211711711711714,-0.29937307600267726
1.4220720720720728,-0.2993050451107801
1.4229729729729732,-0.2992363641421279
1.4238738738738739,-0.29916745831937297
1.4247747747747752,-0.2990988704799662
1.4256756756756759,-0.29903125732541475
1.4265765765765763,-0.2989654314572023
1.4274774774774777,-0.29890230479534347
1.4283783783783786,-0.2988431649488398
1.4292792792792794,-0.2987894911943028
1.43018018018018,-0.29874302505398953
1.4310810810810812,-0.29870587765926604
1.4319819819819821,-0.2986804735113482
1.432882882882883,-0.2986696533333493
1.433783783783784,-0.29867649815040037
1.4346846846846844,-0.2987044534237697
1.4355855855855861,-0.2987571875560967
1.4364864864864868,-0.2988383156897482
1.4373873873873875,-0.29895116249942383
1.4382882882882881,-0.29909841727557873
1.4391891891891895,-0.29928173143590364
1.4400900900900901,-0.2995011971362853
1.4409909909909906,-0.2997549305459364
1.4418918918918917,-0.3000385491534512
1.442792792792793,-0.30034550151683603
1.443693693693694,-0.3006664587261125
1.444594594594595,-0.30098701096709596
1.4454954954954957,-0.3012788332053736
1.4463963963963966,-0.30148166630838047
1.4472972972972973,-0.30149356984278414
1.4481981981981984,-0.30123670743223274
1.4490990990990995,-0.3008798762249414
1.45,-0.3008481413080787
